world: world
x: 4905.606290784627
y: 101.0
z: -6342.571919879708
yaw: -181.07465
pitch: 17.999477
name: arena
lastowner: b8d82e70-0eaa-37e5-a108-86e12f2cd698
