world: world
x: 4595.495540841133
y: 29.0
z: -6069.699445648698
yaw: -359.67783
pitch: 0.74932384
name: shop
lastowner: b8d82e70-0eaa-37e5-a108-86e12f2cd698
