lastAccountName: Spacilonco
timestamps:
  login: 1602674641750
  logout: 1602674687178
ipAddress: 79.115.134.52
logoutlocation:
  world: world
  x: -57.63356865598511
  y: 73.0
  z: 309.78323678603704
  yaw: -90.98833
  pitch: 13.800043
