lastAccountName: titi
timestamps:
  login: 1605641089196
  logout: 1605641543113
ipAddress: 100.122.174.32
lastlocation:
  world: world
  x: 4585.568947418575
  y: 64.0
  z: -6048.252895335221
  yaw: 20.389174
  pitch: 72.14982
logoutlocation:
  world: world
  x: 4600.6943129394895
  y: 63.0
  z: -6045.984958543372
  yaw: 330.46936
  pitch: -14.699186
