lastAccountName: Covid 2.0
timestamps:
  login: 1602707028040
  logout: 1602707285236
ipAddress: 84.117.200.12
logoutlocation:
  world: world
  x: -3027.507039527631
  y: 71.0
  z: 762.67113261849
  yaw: 264.18823
  pitch: 18.149889
