spawns: 
  default: 
    world: world
    x: 4583.946105832944
    y: 63.5
    z: -6047.96544576648
    yaw: -89.11328
    pitch: -2.6991932
